Transport Solver
Version 4.0
Kirill Polokhalo
Date:
20260403                        
Time:
192824.218                      
%%%%%%%%%%%%%%%%%%%%%%%%%%%%%%%%%%%%%%%%%%%%%%%%%%%%%%%%%%%%%%%%%
Input has been read, variables assigned, matrices created

Discrete Ordinates/Octant:
  n         mu        eta          w
  1    0.57735    0.57735    0.25000

Boundary Conditions:
  Left  Right  Bottom    Top
     0      0      0      0

Computational Cell Data:
  i   j Material         dx         dy     SigmaT     SigmaS     Source
  1   1        1    0.10000    0.20000    1.00000    0.50000    0.00000
  2   1        1    0.10000    0.20000    1.00000    0.50000    0.00000
  3   1        1    0.10000    0.20000    1.00000    0.50000    0.00000
  4   1        1    0.10000    0.20000    1.00000    0.50000    0.00000
  5   1        1    0.10000    0.20000    1.00000    0.50000    0.00000
  6   1        1    0.10000    0.20000    1.00000    0.50000    0.00000
  7   1        1    0.10000    0.20000    1.00000    0.50000    0.00000
  8   1        1    0.10000    0.20000    1.00000    0.50000    0.00000
  9   1        1    0.10000    0.20000    1.00000    0.50000    0.00000
 10   1        1    0.10000    0.20000    1.00000    0.50000    0.00000
  1   2        1    0.10000    0.20000    1.00000    0.50000    0.00000
  2   2        1    0.10000    0.20000    1.00000    0.50000    0.00000
  3   2        1    0.10000    0.20000    1.00000    0.50000    0.00000
  4   2        1    0.10000    0.20000    1.00000    0.50000    0.00000
  5   2        1    0.10000    0.20000    1.00000    0.50000    0.00000
  6   2        1    0.10000    0.20000    1.00000    0.50000    0.00000
  7   2        1    0.10000    0.20000    1.00000    0.50000    0.00000
  8   2        1    0.10000    0.20000    1.00000    0.50000    0.00000
  9   2        1    0.10000    0.20000    1.00000    0.50000    0.00000
 10   2        1    0.10000    0.20000    1.00000    0.50000    0.00000
  1   3        1    0.10000    0.20000    1.00000    0.50000    0.00000
  2   3        1    0.10000    0.20000    1.00000    0.50000    0.00000
  3   3        1    0.10000    0.20000    1.00000    0.50000    0.00000
  4   3        1    0.10000    0.20000    1.00000    0.50000    0.00000
  5   3        1    0.10000    0.20000    1.00000    0.50000    0.00000
  6   3        1    0.10000    0.20000    1.00000    0.50000    0.00000
  7   3        1    0.10000    0.20000    1.00000    0.50000    0.00000
  8   3        1    0.10000    0.20000    1.00000    0.50000    0.00000
  9   3        1    0.10000    0.20000    1.00000    0.50000    0.00000
 10   3        1    0.10000    0.20000    1.00000    0.50000    0.00000
  1   4        1    0.10000    0.20000    1.00000    0.50000    0.00000
  2   4        1    0.10000    0.20000    1.00000    0.50000    0.00000
  3   4        1    0.10000    0.20000    1.00000    0.50000    0.00000
  4   4        2    0.10000    0.20000    2.00000    0.10000    1.00000
  5   4        2    0.10000    0.20000    2.00000    0.10000    1.00000
  6   4        2    0.10000    0.20000    2.00000    0.10000    1.00000
  7   4        2    0.10000    0.20000    2.00000    0.10000    1.00000
  8   4        1    0.10000    0.20000    1.00000    0.50000    0.00000
  9   4        1    0.10000    0.20000    1.00000    0.50000    0.00000
 10   4        1    0.10000    0.20000    1.00000    0.50000    0.00000
  1   5        1    0.10000    0.20000    1.00000    0.50000    0.00000
  2   5        1    0.10000    0.20000    1.00000    0.50000    0.00000
  3   5        1    0.10000    0.20000    1.00000    0.50000    0.00000
  4   5        2    0.10000    0.20000    2.00000    0.10000    1.00000
  5   5        2    0.10000    0.20000    2.00000    0.10000    1.00000
  6   5        2    0.10000    0.20000    2.00000    0.10000    1.00000
  7   5        2    0.10000    0.20000    2.00000    0.10000    1.00000
  8   5        1    0.10000    0.20000    1.00000    0.50000    0.00000
  9   5        1    0.10000    0.20000    1.00000    0.50000    0.00000
 10   5        1    0.10000    0.20000    1.00000    0.50000    0.00000
  1   6        1    0.10000    0.20000    1.00000    0.50000    0.00000
  2   6        1    0.10000    0.20000    1.00000    0.50000    0.00000
  3   6        1    0.10000    0.20000    1.00000    0.50000    0.00000
  4   6        2    0.10000    0.20000    2.00000    0.10000    1.00000
  5   6        2    0.10000    0.20000    2.00000    0.10000    1.00000
  6   6        2    0.10000    0.20000    2.00000    0.10000    1.00000
  7   6        2    0.10000    0.20000    2.00000    0.10000    1.00000
  8   6        1    0.10000    0.20000    1.00000    0.50000    0.00000
  9   6        1    0.10000    0.20000    1.00000    0.50000    0.00000
 10   6        1    0.10000    0.20000    1.00000    0.50000    0.00000
  1   7        1    0.10000    0.20000    1.00000    0.50000    0.00000
  2   7        1    0.10000    0.20000    1.00000    0.50000    0.00000
  3   7        1    0.10000    0.20000    1.00000    0.50000    0.00000
  4   7        2    0.10000    0.20000    2.00000    0.10000    1.00000
  5   7        2    0.10000    0.20000    2.00000    0.10000    1.00000
  6   7        2    0.10000    0.20000    2.00000    0.10000    1.00000
  7   7        2    0.10000    0.20000    2.00000    0.10000    1.00000
  8   7        1    0.10000    0.20000    1.00000    0.50000    0.00000
  9   7        1    0.10000    0.20000    1.00000    0.50000    0.00000
 10   7        1    0.10000    0.20000    1.00000    0.50000    0.00000
  1   8        1    0.10000    0.20000    1.00000    0.50000    0.00000
  2   8        1    0.10000    0.20000    1.00000    0.50000    0.00000
  3   8        1    0.10000    0.20000    1.00000    0.50000    0.00000
  4   8        1    0.10000    0.20000    1.00000    0.50000    0.00000
  5   8        1    0.10000    0.20000    1.00000    0.50000    0.00000
  6   8        1    0.10000    0.20000    1.00000    0.50000    0.00000
  7   8        1    0.10000    0.20000    1.00000    0.50000    0.00000
  8   8        1    0.10000    0.20000    1.00000    0.50000    0.00000
  9   8        1    0.10000    0.20000    1.00000    0.50000    0.00000
 10   8        1    0.10000    0.20000    1.00000    0.50000    0.00000
  1   9        1    0.10000    0.20000    1.00000    0.50000    0.00000
  2   9        1    0.10000    0.20000    1.00000    0.50000    0.00000
  3   9        1    0.10000    0.20000    1.00000    0.50000    0.00000
  4   9        1    0.10000    0.20000    1.00000    0.50000    0.00000
  5   9        1    0.10000    0.20000    1.00000    0.50000    0.00000
  6   9        1    0.10000    0.20000    1.00000    0.50000    0.00000
  7   9        1    0.10000    0.20000    1.00000    0.50000    0.00000
  8   9        1    0.10000    0.20000    1.00000    0.50000    0.00000
  9   9        1    0.10000    0.20000    1.00000    0.50000    0.00000
 10   9        1    0.10000    0.20000    1.00000    0.50000    0.00000
  1  10        1    0.10000    0.20000    1.00000    0.50000    0.00000
  2  10        1    0.10000    0.20000    1.00000    0.50000    0.00000
  3  10        1    0.10000    0.20000    1.00000    0.50000    0.00000
  4  10        1    0.10000    0.20000    1.00000    0.50000    0.00000
  5  10        1    0.10000    0.20000    1.00000    0.50000    0.00000
  6  10        1    0.10000    0.20000    1.00000    0.50000    0.00000
  7  10        1    0.10000    0.20000    1.00000    0.50000    0.00000
  8  10        1    0.10000    0.20000    1.00000    0.50000    0.00000
  9  10        1    0.10000    0.20000    1.00000    0.50000    0.00000
 10  10        1    0.10000    0.20000    1.00000    0.50000    0.00000

will solve D.O. here

Inner iterations converged successfully.
Iterations consumed:     8
Convergence criterion achieved:  7.13468E-04

Discrete Ordinates Method Solution
  i   j  Cell-Averaged Scalar Flux
  1   1   3.11878491E-02
  2   1   2.01424044E-02
  3   1   9.57971159E-03
  4   1   1.65665254E-03
  5   1   6.63220300E-04
  6   1   6.63219718E-04
  7   1   1.65665126E-03
  8   1   9.57971159E-03
  9   1   2.01424025E-02
 10   1   3.11878417E-02
  1   2   5.90413846E-02
  2   2   5.48438616E-02
  3   2   4.35712934E-02
  4   2   2.75318101E-02
  5   2   1.02854697E-02
  6   2   1.02854678E-02
  7   2   2.75318101E-02
  8   2   4.35712934E-02
  9   2   5.48438579E-02
 10   2   5.90413809E-02
  1   3   7.45033920E-02
  2   3   8.24726969E-02
  3   3   8.39424580E-02
  4   3   8.15379322E-02
  5   3   8.46715122E-02
  6   3   8.46715122E-02
  7   3   8.15379322E-02
  8   3   8.39424580E-02
  9   3   8.24726969E-02
 10   3   7.45033845E-02
  1   4   7.96329379E-02
  2   4   9.87810344E-02
  3   4   1.27582192E-01
  4   4   1.69431061E-01
  5   4   1.97096467E-01
  6   4   1.97096467E-01
  7   4   1.69431046E-01
  8   4   1.27582178E-01
  9   4   9.87810344E-02
 10   4   7.96329454E-02
  1   5   7.03118816E-02
  2   5   1.17984436E-01
  3   5   1.70550734E-01
  4   5   2.26974487E-01
  5   5   2.68924236E-01
  6   5   2.68924236E-01
  7   5   2.26974487E-01
  8   5   1.70550734E-01
  9   5   1.17984436E-01
 10   5   7.03118816E-02
  1   6   7.03118816E-02
  2   6   1.17984444E-01
  3   6   1.70550734E-01
  4   6   2.26974502E-01
  5   6   2.68924236E-01
  6   6   2.68924236E-01
  7   6   2.26974487E-01
  8   6   1.70550719E-01
  9   6   1.17984444E-01
 10   6   7.03118816E-02
  1   7   7.96329528E-02
  2   7   9.87810567E-02
  3   7   1.27582207E-01
  4   7   1.69431075E-01
  5   7   1.97096497E-01
  6   7   1.97096452E-01
  7   7   1.69431061E-01
  8   7   1.27582192E-01
  9   7   9.87810418E-02
 10   7   7.96329454E-02
  1   8   7.45034069E-02
  2   8   8.24727193E-02
  3   8   8.39424729E-02
  4   8   8.15379396E-02
  5   8   8.46715197E-02
  6   8   8.46715122E-02
  7   8   8.15379322E-02
  8   8   8.39424580E-02
  9   8   8.24726969E-02
 10   8   7.45033845E-02
  1   9   5.90413883E-02
  2   9   5.48438616E-02
  3   9   4.35712934E-02
  4   9   2.75318064E-02
  5   9   1.02854669E-02
  6   9   1.02854688E-02
  7   9   2.75318064E-02
  8   9   4.35712934E-02
  9   9   5.48438616E-02
 10   9   5.90413846E-02
  1  10   3.11878324E-02
  2  10   2.01423932E-02
  3  10   9.57970601E-03
  4  10   1.65665196E-03
  5  10   6.63219020E-04
  6  10   6.63218554E-04
  7  10   1.65665254E-03
  8  10   9.57971253E-03
  9  10   2.01424044E-02
 10  10   3.11878491E-02

Run Time (s):    0.0010
