Transport Solver
Version 4.0
Kirill Polokhalo
Date:
20260823                        
Time:
130542.339                      
%%%%%%%%%%%%%%%%%%%%%%%%%%%%%%%%%%%%%%%%%%%%%%%%%%%%%%%%%%%%%%%%%
Input has been read, variables assigned, matrices created

Discrete Ordinates/Octant:
  n         mu        eta          w
  1    0.57735    0.57735    0.25000

Boundary Conditions:
  Left  Right  Bottom    Top
     0      0      0      0

Computational Cell Data:
  i   j Material Group         dx         dy     SigmaT     SigmaA     SigmaS   nuSigmaF   Sigma1_2
  1   1        2     1    0.47498    0.47498    0.24760    0.00020    0.24740    0.00000    0.03682
  1   1        2     2    0.47498    0.47498    1.12300    0.00780    1.11520    0.00000    0.00000
  2   1        2     1    0.34544    0.47498    0.24760    0.00020    0.24740    0.00000    0.03682
  2   1        2     2    0.34544    0.47498    1.12300    0.00780    1.11520    0.00000    0.00000
  3   1        2     1    1.87452    0.47498    0.24760    0.00020    0.24740    0.00000    0.03682
  3   1        2     2    1.87452    0.47498    1.12300    0.00780    1.11520    0.00000    0.00000
  4   1        2     1    1.87452    0.47498    0.24760    0.00020    0.24740    0.00000    0.03682
  4   1        2     2    1.87452    0.47498    1.12300    0.00780    1.11520    0.00000    0.00000
  5   1        2     1    1.87452    0.47498    0.24760    0.00020    0.24740    0.00000    0.03682
  5   1        2     2    1.87452    0.47498    1.12300    0.00780    1.11520    0.00000    0.00000
  6   1        2     1    1.87452    0.47498    0.24760    0.00020    0.24740    0.00000    0.03682
  6   1        2     2    1.87452    0.47498    1.12300    0.00780    1.11520    0.00000    0.00000
  7   1        2     1    1.87452    0.47498    0.24760    0.00020    0.24740    0.00000    0.03682
  7   1        2     2    1.87452    0.47498    1.12300    0.00780    1.11520    0.00000    0.00000
  8   1        2     1    1.87452    0.47498    0.24760    0.00020    0.24740    0.00000    0.03682
  8   1        2     2    1.87452    0.47498    1.12300    0.00780    1.11520    0.00000    0.00000
  9   1        2     1    1.87452    0.47498    0.24760    0.00020    0.24740    0.00000    0.03682
  9   1        2     2    1.87452    0.47498    1.12300    0.00780    1.11520    0.00000    0.00000
 10   1        2     1    0.34544    0.47498    0.24760    0.00020    0.24740    0.00000    0.03682
 10   1        2     2    0.34544    0.47498    1.12300    0.00780    1.11520    0.00000    0.00000
 11   1        2     1    0.47625    0.47498    0.24760    0.00020    0.24740    0.00000    0.03682
 11   1        2     2    0.47625    0.47498    1.12300    0.00780    1.11520    0.00000    0.00000
 12   1        2     1    0.47625    0.47498    0.24760    0.00020    0.24740    0.00000    0.03682
 12   1        2     2    0.47625    0.47498    1.12300    0.00780    1.11520    0.00000    0.00000
  1   2        2     1    0.47498    0.34544    0.24760    0.00020    0.24740    0.00000    0.03682
  1   2        2     2    0.47498    0.34544    1.12300    0.00780    1.11520    0.00000    0.00000
  2   2        2     1    0.34544    0.34544    0.24760    0.00020    0.24740    0.00000    0.03682
  2   2        2     2    0.34544    0.34544    1.12300    0.00780    1.11520    0.00000    0.00000
  3   2        2     1    1.87452    0.34544    0.24760    0.00020    0.24740    0.00000    0.03682
  3   2        2     2    1.87452    0.34544    1.12300    0.00780    1.11520    0.00000    0.00000
  4   2        2     1    1.87452    0.34544    0.24760    0.00020    0.24740    0.00000    0.03682
  4   2        2     2    1.87452    0.34544    1.12300    0.00780    1.11520    0.00000    0.00000
  5   2        2     1    1.87452    0.34544    0.24760    0.00020    0.24740    0.00000    0.03682
  5   2        2     2    1.87452    0.34544    1.12300    0.00780    1.11520    0.00000    0.00000
  6   2        2     1    1.87452    0.34544    0.24760    0.00020    0.24740    0.00000    0.03682
  6   2        2     2    1.87452    0.34544    1.12300    0.00780    1.11520    0.00000    0.00000
  7   2        2     1    1.87452    0.34544    0.24760    0.00020    0.24740    0.00000    0.03682
  7   2        2     2    1.87452    0.34544    1.12300    0.00780    1.11520    0.00000    0.00000
  8   2        2     1    1.87452    0.34544    0.24760    0.00020    0.24740    0.00000    0.03682
  8   2        2     2    1.87452    0.34544    1.12300    0.00780    1.11520    0.00000    0.00000
  9   2        2     1    1.87452    0.34544    0.24760    0.00020    0.24740    0.00000    0.03682
  9   2        2     2    1.87452    0.34544    1.12300    0.00780    1.11520    0.00000    0.00000
 10   2        2     1    0.34544    0.34544    0.24760    0.00020    0.24740    0.00000    0.03682
 10   2        2     2    0.34544    0.34544    1.12300    0.00780    1.11520    0.00000    0.00000
 11   2        2     1    0.47625    0.34544    0.24760    0.00020    0.24740    0.00000    0.03682
 11   2        2     2    0.47625    0.34544    1.12300    0.00780    1.11520    0.00000    0.00000
 12   2        2     1    0.47625    0.34544    0.24760    0.00020    0.24740    0.00000    0.03682
 12   2        2     2    0.47625    0.34544    1.12300    0.00780    1.11520    0.00000    0.00000
  1   3        2     1    0.47498    1.87452    0.24760    0.00020    0.24740    0.00000    0.03682
  1   3        2     2    0.47498    1.87452    1.12300    0.00780    1.11520    0.00000    0.00000
  2   3        2     1    0.34544    1.87452    0.24760    0.00020    0.24740    0.00000    0.03682
  2   3        2     2    0.34544    1.87452    1.12300    0.00780    1.11520    0.00000    0.00000
  3   3        2     1    1.87452    1.87452    0.24760    0.00020    0.24740    0.00000    0.03682
  3   3        2     2    1.87452    1.87452    1.12300    0.00780    1.11520    0.00000    0.00000
  4   3        2     1    1.87452    1.87452    0.24760    0.00020    0.24740    0.00000    0.03682
  4   3        2     2    1.87452    1.87452    1.12300    0.00780    1.11520    0.00000    0.00000
  5   3        2     1    1.87452    1.87452    0.24760    0.00020    0.24740    0.00000    0.03682
  5   3        2     2    1.87452    1.87452    1.12300    0.00780    1.11520    0.00000    0.00000
  6   3        2     1    1.87452    1.87452    0.24760    0.00020    0.24740    0.00000    0.03682
  6   3        2     2    1.87452    1.87452    1.12300    0.00780    1.11520    0.00000    0.00000
  7   3        2     1    1.87452    1.87452    0.24760    0.00020    0.24740    0.00000    0.03682
  7   3        2     2    1.87452    1.87452    1.12300    0.00780    1.11520    0.00000    0.00000
  8   3        2     1    1.87452    1.87452    0.24760    0.00020    0.24740    0.00000    0.03682
  8   3        2     2    1.87452    1.87452    1.12300    0.00780    1.11520    0.00000    0.00000
  9   3        2     1    1.87452    1.87452    0.24760    0.00020    0.24740    0.00000    0.03682
  9   3        2     2    1.87452    1.87452    1.12300    0.00780    1.11520    0.00000    0.00000
 10   3        2     1    0.34544    1.87452    0.24760    0.00020    0.24740    0.00000    0.03682
 10   3        2     2    0.34544    1.87452    1.12300    0.00780    1.11520    0.00000    0.00000
 11   3        2     1    0.47625    1.87452    0.24760    0.00020    0.24740    0.00000    0.03682
 11   3        2     2    0.47625    1.87452    1.12300    0.00780    1.11520    0.00000    0.00000
 12   3        2     1    0.47625    1.87452    0.24760    0.00020    0.24740    0.00000    0.03682
 12   3        2     2    0.47625    1.87452    1.12300    0.00780    1.11520    0.00000    0.00000
  1   4        2     1    0.47498    1.87452    0.24760    0.00020    0.24740    0.00000    0.03682
  1   4        2     2    0.47498    1.87452    1.12300    0.00780    1.11520    0.00000    0.00000
  2   4        2     1    0.34544    1.87452    0.24760    0.00020    0.24740    0.00000    0.03682
  2   4        2     2    0.34544    1.87452    1.12300    0.00780    1.11520    0.00000    0.00000
  3   4        2     1    1.87452    1.87452    0.24760    0.00020    0.24740    0.00000    0.03682
  3   4        2     2    1.87452    1.87452    1.12300    0.00780    1.11520    0.00000    0.00000
  4   4        2     1    1.87452    1.87452    0.24760    0.00020    0.24740    0.00000    0.03682
  4   4        2     2    1.87452    1.87452    1.12300    0.00780    1.11520    0.00000    0.00000
  5   4        2     1    1.87452    1.87452    0.24760    0.00020    0.24740    0.00000    0.03682
  5   4        2     2    1.87452    1.87452    1.12300    0.00780    1.11520    0.00000    0.00000
  6   4        2     1    1.87452    1.87452    0.24760    0.00020    0.24740    0.00000    0.03682
  6   4        2     2    1.87452    1.87452    1.12300    0.00780    1.11520    0.00000    0.00000
  7   4        2     1    1.87452    1.87452    0.24760    0.00020    0.24740    0.00000    0.03682
  7   4        2     2    1.87452    1.87452    1.12300    0.00780    1.11520    0.00000    0.00000
  8   4        2     1    1.87452    1.87452    0.24760    0.00020    0.24740    0.00000    0.03682
  8   4        2     2    1.87452    1.87452    1.12300    0.00780    1.11520    0.00000    0.00000
  9   4        2     1    1.87452    1.87452    0.24760    0.00020    0.24740    0.00000    0.03682
  9   4        2     2    1.87452    1.87452    1.12300    0.00780    1.11520    0.00000    0.00000
 10   4        2     1    0.34544    1.87452    0.24760    0.00020    0.24740    0.00000    0.03682
 10   4        2     2    0.34544    1.87452    1.12300    0.00780    1.11520    0.00000    0.00000
 11   4        2     1    0.47625    1.87452    0.24760    0.00020    0.24740    0.00000    0.03682
 11   4        2     2    0.47625    1.87452    1.12300    0.00780    1.11520    0.00000    0.00000
 12   4        2     1    0.47625    1.87452    0.24760    0.00020    0.24740    0.00000    0.03682
 12   4        2     2    0.47625    1.87452    1.12300    0.00780    1.11520    0.00000    0.00000
  1   5        2     1    0.47498    1.87452    0.24760    0.00020    0.24740    0.00000    0.03682
  1   5        2     2    0.47498    1.87452    1.12300    0.00780    1.11520    0.00000    0.00000
  2   5        2     1    0.34544    1.87452    0.24760    0.00020    0.24740    0.00000    0.03682
  2   5        2     2    0.34544    1.87452    1.12300    0.00780    1.11520    0.00000    0.00000
  3   5        2     1    1.87452    1.87452    0.24760    0.00020    0.24740    0.00000    0.03682
  3   5        2     2    1.87452    1.87452    1.12300    0.00780    1.11520    0.00000    0.00000
  4   5        1     1    1.87452    1.87452    0.25310    0.00898    0.24412    0.00593    0.01069
  4   5        1     2    1.87452    1.87452    0.57320    0.05892    0.51428    0.09817    0.00000
  5   5        1     1    1.87452    1.87452    0.25310    0.00898    0.24412    0.00593    0.01069
  5   5        1     2    1.87452    1.87452    0.57320    0.05892    0.51428    0.09817    0.00000
  6   5        1     1    1.87452    1.87452    0.25310    0.00898    0.24412    0.00593    0.01069
  6   5        1     2    1.87452    1.87452    0.57320    0.05892    0.51428    0.09817    0.00000
  7   5        1     1    1.87452    1.87452    0.25310    0.00898    0.24412    0.00593    0.01069
  7   5        1     2    1.87452    1.87452    0.57320    0.05892    0.51428    0.09817    0.00000
  8   5        2     1    1.87452    1.87452    0.24760    0.00020    0.24740    0.00000    0.03682
  8   5        2     2    1.87452    1.87452    1.12300    0.00780    1.11520    0.00000    0.00000
  9   5        2     1    1.87452    1.87452    0.24760    0.00020    0.24740    0.00000    0.03682
  9   5        2     2    1.87452    1.87452    1.12300    0.00780    1.11520    0.00000    0.00000
 10   5        2     1    0.34544    1.87452    0.24760    0.00020    0.24740    0.00000    0.03682
 10   5        2     2    0.34544    1.87452    1.12300    0.00780    1.11520    0.00000    0.00000
 11   5        2     1    0.47625    1.87452    0.24760    0.00020    0.24740    0.00000    0.03682
 11   5        2     2    0.47625    1.87452    1.12300    0.00780    1.11520    0.00000    0.00000
 12   5        2     1    0.47625    1.87452    0.24760    0.00020    0.24740    0.00000    0.03682
 12   5        2     2    0.47625    1.87452    1.12300    0.00780    1.11520    0.00000    0.00000
  1   6        2     1    0.47498    1.87452    0.24760    0.00020    0.24740    0.00000    0.03682
  1   6        2     2    0.47498    1.87452    1.12300    0.00780    1.11520    0.00000    0.00000
  2   6        2     1    0.34544    1.87452    0.24760    0.00020    0.24740    0.00000    0.03682
  2   6        2     2    0.34544    1.87452    1.12300    0.00780    1.11520    0.00000    0.00000
  3   6        2     1    1.87452    1.87452    0.24760    0.00020    0.24740    0.00000    0.03682
  3   6        2     2    1.87452    1.87452    1.12300    0.00780    1.11520    0.00000    0.00000
  4   6        1     1    1.87452    1.87452    0.25310    0.00898    0.24412    0.00593    0.01069
  4   6        1     2    1.87452    1.87452    0.57320    0.05892    0.51428    0.09817    0.00000
  5   6        1     1    1.87452    1.87452    0.25310    0.00898    0.24412    0.00593    0.01069
  5   6        1     2    1.87452    1.87452    0.57320    0.05892    0.51428    0.09817    0.00000
  6   6        1     1    1.87452    1.87452    0.25310    0.00898    0.24412    0.00593    0.01069
  6   6        1     2    1.87452    1.87452    0.57320    0.05892    0.51428    0.09817    0.00000
  7   6        1     1    1.87452    1.87452    0.25310    0.00898    0.24412    0.00593    0.01069
  7   6        1     2    1.87452    1.87452    0.57320    0.05892    0.51428    0.09817    0.00000
  8   6        2     1    1.87452    1.87452    0.24760    0.00020    0.24740    0.00000    0.03682
  8   6        2     2    1.87452    1.87452    1.12300    0.00780    1.11520    0.00000    0.00000
  9   6        2     1    1.87452    1.87452    0.24760    0.00020    0.24740    0.00000    0.03682
  9   6        2     2    1.87452    1.87452    1.12300    0.00780    1.11520    0.00000    0.00000
 10   6        2     1    0.34544    1.87452    0.24760    0.00020    0.24740    0.00000    0.03682
 10   6        2     2    0.34544    1.87452    1.12300    0.00780    1.11520    0.00000    0.00000
 11   6        2     1    0.47625    1.87452    0.24760    0.00020    0.24740    0.00000    0.03682
 11   6        2     2    0.47625    1.87452    1.12300    0.00780    1.11520    0.00000    0.00000
 12   6        2     1    0.47625    1.87452    0.24760    0.00020    0.24740    0.00000    0.03682
 12   6        2     2    0.47625    1.87452    1.12300    0.00780    1.11520    0.00000    0.00000
  1   7        2     1    0.47498    1.87452    0.24760    0.00020    0.24740    0.00000    0.03682
  1   7        2     2    0.47498    1.87452    1.12300    0.00780    1.11520    0.00000    0.00000
  2   7        2     1    0.34544    1.87452    0.24760    0.00020    0.24740    0.00000    0.03682
  2   7        2     2    0.34544    1.87452    1.12300    0.00780    1.11520    0.00000    0.00000
  3   7        2     1    1.87452    1.87452    0.24760    0.00020    0.24740    0.00000    0.03682
  3   7        2     2    1.87452    1.87452    1.12300    0.00780    1.11520    0.00000    0.00000
  4   7        1     1    1.87452    1.87452    0.25310    0.00898    0.24412    0.00593    0.01069
  4   7        1     2    1.87452    1.87452    0.57320    0.05892    0.51428    0.09817    0.00000
  5   7        1     1    1.87452    1.87452    0.25310    0.00898    0.24412    0.00593    0.01069
  5   7        1     2    1.87452    1.87452    0.57320    0.05892    0.51428    0.09817    0.00000
  6   7        1     1    1.87452    1.87452    0.25310    0.00898    0.24412    0.00593    0.01069
  6   7        1     2    1.87452    1.87452    0.57320    0.05892    0.51428    0.09817    0.00000
  7   7        1     1    1.87452    1.87452    0.25310    0.00898    0.24412    0.00593    0.01069
  7   7        1     2    1.87452    1.87452    0.57320    0.05892    0.51428    0.09817    0.00000
  8   7        2     1    1.87452    1.87452    0.24760    0.00020    0.24740    0.00000    0.03682
  8   7        2     2    1.87452    1.87452    1.12300    0.00780    1.11520    0.00000    0.00000
  9   7        2     1    1.87452    1.87452    0.24760    0.00020    0.24740    0.00000    0.03682
  9   7        2     2    1.87452    1.87452    1.12300    0.00780    1.11520    0.00000    0.00000
 10   7        2     1    0.34544    1.87452    0.24760    0.00020    0.24740    0.00000    0.03682
 10   7        2     2    0.34544    1.87452    1.12300    0.00780    1.11520    0.00000    0.00000
 11   7        2     1    0.47625    1.87452    0.24760    0.00020    0.24740    0.00000    0.03682
 11   7        2     2    0.47625    1.87452    1.12300    0.00780    1.11520    0.00000    0.00000
 12   7        2     1    0.47625    1.87452    0.24760    0.00020    0.24740    0.00000    0.03682
 12   7        2     2    0.47625    1.87452    1.12300    0.00780    1.11520    0.00000    0.00000
  1   8        2     1    0.47498    1.87452    0.24760    0.00020    0.24740    0.00000    0.03682
  1   8        2     2    0.47498    1.87452    1.12300    0.00780    1.11520    0.00000    0.00000
  2   8        2     1    0.34544    1.87452    0.24760    0.00020    0.24740    0.00000    0.03682
  2   8        2     2    0.34544    1.87452    1.12300    0.00780    1.11520    0.00000    0.00000
  3   8        2     1    1.87452    1.87452    0.24760    0.00020    0.24740    0.00000    0.03682
  3   8        2     2    1.87452    1.87452    1.12300    0.00780    1.11520    0.00000    0.00000
  4   8        1     1    1.87452    1.87452    0.25310    0.00898    0.24412    0.00593    0.01069
  4   8        1     2    1.87452    1.87452    0.57320    0.05892    0.51428    0.09817    0.00000
  5   8        1     1    1.87452    1.87452    0.25310    0.00898    0.24412    0.00593    0.01069
  5   8        1     2    1.87452    1.87452    0.57320    0.05892    0.51428    0.09817    0.00000
  6   8        1     1    1.87452    1.87452    0.25310    0.00898    0.24412    0.00593    0.01069
  6   8        1     2    1.87452    1.87452    0.57320    0.05892    0.51428    0.09817    0.00000
  7   8        1     1    1.87452    1.87452    0.25310    0.00898    0.24412    0.00593    0.01069
  7   8        1     2    1.87452    1.87452    0.57320    0.05892    0.51428    0.09817    0.00000
  8   8        2     1    1.87452    1.87452    0.24760    0.00020    0.24740    0.00000    0.03682
  8   8        2     2    1.87452    1.87452    1.12300    0.00780    1.11520    0.00000    0.00000
  9   8        2     1    1.87452    1.87452    0.24760    0.00020    0.24740    0.00000    0.03682
  9   8        2     2    1.87452    1.87452    1.12300    0.00780    1.11520    0.00000    0.00000
 10   8        2     1    0.34544    1.87452    0.24760    0.00020    0.24740    0.00000    0.03682
 10   8        2     2    0.34544    1.87452    1.12300    0.00780    1.11520    0.00000    0.00000
 11   8        2     1    0.47625    1.87452    0.24760    0.00020    0.24740    0.00000    0.03682
 11   8        2     2    0.47625    1.87452    1.12300    0.00780    1.11520    0.00000    0.00000
 12   8        2     1    0.47625    1.87452    0.24760    0.00020    0.24740    0.00000    0.03682
 12   8        2     2    0.47625    1.87452    1.12300    0.00780    1.11520    0.00000    0.00000
  1   9        2     1    0.47498    1.87452    0.24760    0.00020    0.24740    0.00000    0.03682
  1   9        2     2    0.47498    1.87452    1.12300    0.00780    1.11520    0.00000    0.00000
  2   9        2     1    0.34544    1.87452    0.24760    0.00020    0.24740    0.00000    0.03682
  2   9        2     2    0.34544    1.87452    1.12300    0.00780    1.11520    0.00000    0.00000
  3   9        2     1    1.87452    1.87452    0.24760    0.00020    0.24740    0.00000    0.03682
  3   9        2     2    1.87452    1.87452    1.12300    0.00780    1.11520    0.00000    0.00000
  4   9        2     1    1.87452    1.87452    0.24760    0.00020    0.24740    0.00000    0.03682
  4   9        2     2    1.87452    1.87452    1.12300    0.00780    1.11520    0.00000    0.00000
  5   9        2     1    1.87452    1.87452    0.24760    0.00020    0.24740    0.00000    0.03682
  5   9        2     2    1.87452    1.87452    1.12300    0.00780    1.11520    0.00000    0.00000
  6   9        2     1    1.87452    1.87452    0.24760    0.00020    0.24740    0.00000    0.03682
  6   9        2     2    1.87452    1.87452    1.12300    0.00780    1.11520    0.00000    0.00000
  7   9        2     1    1.87452    1.87452    0.24760    0.00020    0.24740    0.00000    0.03682
  7   9        2     2    1.87452    1.87452    1.12300    0.00780    1.11520    0.00000    0.00000
  8   9        2     1    1.87452    1.87452    0.24760    0.00020    0.24740    0.00000    0.03682
  8   9        2     2    1.87452    1.87452    1.12300    0.00780    1.11520    0.00000    0.00000
  9   9        2     1    1.87452    1.87452    0.24760    0.00020    0.24740    0.00000    0.03682
  9   9        2     2    1.87452    1.87452    1.12300    0.00780    1.11520    0.00000    0.00000
 10   9        2     1    0.34544    1.87452    0.24760    0.00020    0.24740    0.00000    0.03682
 10   9        2     2    0.34544    1.87452    1.12300    0.00780    1.11520    0.00000    0.00000
 11   9        2     1    0.47625    1.87452    0.24760    0.00020    0.24740    0.00000    0.03682
 11   9        2     2    0.47625    1.87452    1.12300    0.00780    1.11520    0.00000    0.00000
 12   9        2     1    0.47625    1.87452    0.24760    0.00020    0.24740    0.00000    0.03682
 12   9        2     2    0.47625    1.87452    1.12300    0.00780    1.11520    0.00000    0.00000
  1  10        2     1    0.47498    0.34544    0.24760    0.00020    0.24740    0.00000    0.03682
  1  10        2     2    0.47498    0.34544    1.12300    0.00780    1.11520    0.00000    0.00000
  2  10        2     1    0.34544    0.34544    0.24760    0.00020    0.24740    0.00000    0.03682
  2  10        2     2    0.34544    0.34544    1.12300    0.00780    1.11520    0.00000    0.00000
  3  10        2     1    1.87452    0.34544    0.24760    0.00020    0.24740    0.00000    0.03682
  3  10        2     2    1.87452    0.34544    1.12300    0.00780    1.11520    0.00000    0.00000
  4  10        2     1    1.87452    0.34544    0.24760    0.00020    0.24740    0.00000    0.03682
  4  10        2     2    1.87452    0.34544    1.12300    0.00780    1.11520    0.00000    0.00000
  5  10        2     1    1.87452    0.34544    0.24760    0.00020    0.24740    0.00000    0.03682
  5  10        2     2    1.87452    0.34544    1.12300    0.00780    1.11520    0.00000    0.00000
  6  10        2     1    1.87452    0.34544    0.24760    0.00020    0.24740    0.00000    0.03682
  6  10        2     2    1.87452    0.34544    1.12300    0.00780    1.11520    0.00000    0.00000
  7  10        2     1    1.87452    0.34544    0.24760    0.00020    0.24740    0.00000    0.03682
  7  10        2     2    1.87452    0.34544    1.12300    0.00780    1.11520    0.00000    0.00000
  8  10        2     1    1.87452    0.34544    0.24760    0.00020    0.24740    0.00000    0.03682
  8  10        2     2    1.87452    0.34544    1.12300    0.00780    1.11520    0.00000    0.00000
  9  10        2     1    1.87452    0.34544    0.24760    0.00020    0.24740    0.00000    0.03682
  9  10        2     2    1.87452    0.34544    1.12300    0.00780    1.11520    0.00000    0.00000
 10  10        2     1    0.34544    0.34544    0.24760    0.00020    0.24740    0.00000    0.03682
 10  10        2     2    0.34544    0.34544    1.12300    0.00780    1.11520    0.00000    0.00000
 11  10        2     1    0.47625    0.34544    0.24760    0.00020    0.24740    0.00000    0.03682
 11  10        2     2    0.47625    0.34544    1.12300    0.00780    1.11520    0.00000    0.00000
 12  10        2     1    0.47625    0.34544    0.24760    0.00020    0.24740    0.00000    0.03682
 12  10        2     2    0.47625    0.34544    1.12300    0.00780    1.11520    0.00000    0.00000
  1  11        2     1    0.47498    0.47625    0.24760    0.00020    0.24740    0.00000    0.03682
  1  11        2     2    0.47498    0.47625    1.12300    0.00780    1.11520    0.00000    0.00000
  2  11        2     1    0.34544    0.47625    0.24760    0.00020    0.24740    0.00000    0.03682
  2  11        2     2    0.34544    0.47625    1.12300    0.00780    1.11520    0.00000    0.00000
  3  11        2     1    1.87452    0.47625    0.24760    0.00020    0.24740    0.00000    0.03682
  3  11        2     2    1.87452    0.47625    1.12300    0.00780    1.11520    0.00000    0.00000
  4  11        2     1    1.87452    0.47625    0.24760    0.00020    0.24740    0.00000    0.03682
  4  11        2     2    1.87452    0.47625    1.12300    0.00780    1.11520    0.00000    0.00000
  5  11        2     1    1.87452    0.47625    0.24760    0.00020    0.24740    0.00000    0.03682
  5  11        2     2    1.87452    0.47625    1.12300    0.00780    1.11520    0.00000    0.00000
  6  11        2     1    1.87452    0.47625    0.24760    0.00020    0.24740    0.00000    0.03682
  6  11        2     2    1.87452    0.47625    1.12300    0.00780    1.11520    0.00000    0.00000
  7  11        2     1    1.87452    0.47625    0.24760    0.00020    0.24740    0.00000    0.03682
  7  11        2     2    1.87452    0.47625    1.12300    0.00780    1.11520    0.00000    0.00000
  8  11        2     1    1.87452    0.47625    0.24760    0.00020    0.24740    0.00000    0.03682
  8  11        2     2    1.87452    0.47625    1.12300    0.00780    1.11520    0.00000    0.00000
  9  11        2     1    1.87452    0.47625    0.24760    0.00020    0.24740    0.00000    0.03682
  9  11        2     2    1.87452    0.47625    1.12300    0.00780    1.11520    0.00000    0.00000
 10  11        2     1    0.34544    0.47625    0.24760    0.00020    0.24740    0.00000    0.03682
 10  11        2     2    0.34544    0.47625    1.12300    0.00780    1.11520    0.00000    0.00000
 11  11        2     1    0.47625    0.47625    0.24760    0.00020    0.24740    0.00000    0.03682
 11  11        2     2    0.47625    0.47625    1.12300    0.00780    1.11520    0.00000    0.00000
 12  11        2     1    0.47625    0.47625    0.24760    0.00020    0.24740    0.00000    0.03682
 12  11        2     2    0.47625    0.47625    1.12300    0.00780    1.11520    0.00000    0.00000
  1  12        2     1    0.47498    0.47625    0.24760    0.00020    0.24740    0.00000    0.03682
  1  12        2     2    0.47498    0.47625    1.12300    0.00780    1.11520    0.00000    0.00000
  2  12        2     1    0.34544    0.47625    0.24760    0.00020    0.24740    0.00000    0.03682
  2  12        2     2    0.34544    0.47625    1.12300    0.00780    1.11520    0.00000    0.00000
  3  12        2     1    1.87452    0.47625    0.24760    0.00020    0.24740    0.00000    0.03682
  3  12        2     2    1.87452    0.47625    1.12300    0.00780    1.11520    0.00000    0.00000
  4  12        2     1    1.87452    0.47625    0.24760    0.00020    0.24740    0.00000    0.03682
  4  12        2     2    1.87452    0.47625    1.12300    0.00780    1.11520    0.00000    0.00000
  5  12        2     1    1.87452    0.47625    0.24760    0.00020    0.24740    0.00000    0.03682
  5  12        2     2    1.87452    0.47625    1.12300    0.00780    1.11520    0.00000    0.00000
  6  12        2     1    1.87452    0.47625    0.24760    0.00020    0.24740    0.00000    0.03682
  6  12        2     2    1.87452    0.47625    1.12300    0.00780    1.11520    0.00000    0.00000
  7  12        2     1    1.87452    0.47625    0.24760    0.00020    0.24740    0.00000    0.03682
  7  12        2     2    1.87452    0.47625    1.12300    0.00780    1.11520    0.00000    0.00000
  8  12        2     1    1.87452    0.47625    0.24760    0.00020    0.24740    0.00000    0.03682
  8  12        2     2    1.87452    0.47625    1.12300    0.00780    1.11520    0.00000    0.00000
  9  12        2     1    1.87452    0.47625    0.24760    0.00020    0.24740    0.00000    0.03682
  9  12        2     2    1.87452    0.47625    1.12300    0.00780    1.11520    0.00000    0.00000
 10  12        2     1    0.34544    0.47625    0.24760    0.00020    0.24740    0.00000    0.03682
 10  12        2     2    0.34544    0.47625    1.12300    0.00780    1.11520    0.00000    0.00000
 11  12        2     1    0.47625    0.47625    0.24760    0.00020    0.24740    0.00000    0.03682
 11  12        2     2    0.47625    0.47625    1.12300    0.00780    1.11520    0.00000    0.00000
 12  12        2     1    0.47625    0.47625    0.24760    0.00020    0.24740    0.00000    0.03682
 12  12        2     2    0.47625    0.47625    1.12300    0.00780    1.11520    0.00000    0.00000
Outer iteration     1  k =     0.208894  diff =  7.91106E-01
Outer iteration     2  k =     0.209674  diff =  3.73042E-03
Outer iteration     3  k =     0.209811  diff =  6.56605E-04
Outer iteration     4  k =     0.209840  diff =  1.38640E-04
Outer iteration     5  k =     0.209847  diff =  3.01600E-05

Power iteration converged successfully.
Outer iterations consumed:     5

Discrete Ordinates Method Solution

Group 1
  i   j  Cell-Averaged Scalar Flux
  1   1   7.91228861E-02
  2   1   7.98457265E-02
  3   1   9.40458626E-02
  4   1   9.48175937E-02
  5   1   7.76590332E-02
  6   1   7.93244019E-02
  7   1   9.87006277E-02
  8   1   1.04042009E-01
  9   1   9.67612565E-02
 10   1   9.76063982E-02
 11   1   9.53042135E-02
 12   1   7.85836875E-02
  1   2   1.03508279E-01
  2   2   9.94871408E-02
  3   2   1.10821009E-01
  4   2   1.19793288E-01
  5   2   9.55601782E-02
  6   2   9.57880542E-02
  7   2   1.23100959E-01
  8   2   1.22892670E-01
  9   2   1.18989006E-01
 10   2   1.19433962E-01
 11   2   1.01972528E-01
 12   2   7.59811327E-02
  1   3   1.35143638E-01
  2   3   1.52153447E-01
  3   3   1.72101453E-01
  4   3   1.90089822E-01
  5   3   1.89471543E-01
  6   3   1.88515067E-01
  7   3   1.94508091E-01
  8   3   1.94487259E-01
  9   3   1.63015708E-01
 10   3   1.24693349E-01
 11   3   1.03466399E-01
 12   3   8.35763738E-02
  1   4   1.58367425E-01
  2   4   1.91475481E-01
  3   4   2.63716578E-01
  4   4   3.58024955E-01
  5   4   4.20070559E-01
  6   4   4.25714135E-01
  7   4   3.78567815E-01
  8   4   3.06873769E-01
  9   4   2.01419204E-01
 10   4   1.31886080E-01
 11   4   1.13786727E-01
 12   4   9.23950598E-02
  1   5   1.62371069E-01
  2   5   1.92085057E-01
  3   5   3.24492812E-01
  4   5   5.57834029E-01
  5   5   7.04151750E-01
  6   5   7.26053476E-01
  7   5   6.11485898E-01
  8   5   3.86189163E-01
  9   5   2.04146415E-01
 10   5   1.33487850E-01
 11   5   1.09182365E-01
 12   5   8.32902715E-02
  1   6   1.56256735E-01
  2   6   1.99893609E-01
  3   6   3.65245819E-01
  4   6   6.61945701E-01
  5   6   8.88546824E-01
  6   6   9.23133790E-01
  7   6   7.36685038E-01
  8   6   4.37785804E-01
  9   6   1.98999524E-01
 10   6   1.05048403E-01
 11   6   8.83063152E-02
 12   6   7.21995160E-02
  1   7   1.57272756E-01
  2   7   2.00999379E-01
  3   7   3.62707675E-01
  4   7   6.52512074E-01
  5   7   8.72170269E-01
  6   7   9.02932107E-01
  7   7   7.22638965E-01
  8   7   4.34500128E-01
  9   7   1.99521676E-01
 10   7   1.04711905E-01
 11   7   8.73272866E-02
 12   7   7.08364025E-02
  1   8   1.60913303E-01
  2   8   1.90038353E-01
  3   8   3.16362441E-01
  4   8   5.34340858E-01
  5   8   6.65253699E-01
  6   8   6.82493091E-01
  7   8   5.78912973E-01
  8   8   3.73003751E-01
  9   8   2.01419160E-01
 10   8   1.31382152E-01
 11   8   1.06483139E-01
 12   8   8.01465213E-02
  1   9   1.49611652E-01
  2   9   1.81051701E-01
  3   9   2.46482670E-01
  4   9   3.27258021E-01
  5   9   3.78893048E-01
  6   9   3.83734435E-01
  7   9   3.42597157E-01
  8   9   2.80433655E-01
  9   9   1.86780080E-01
 10   9   1.23996921E-01
 11   9   1.07192010E-01
 12   9   8.68319720E-02
  1  10   1.43924505E-01
  2  10   1.72691882E-01
  3  10   1.89557865E-01
  4  10   2.04430595E-01
  5  10   2.17465699E-01
  6  10   2.15678260E-01
  7  10   2.08331436E-01
  8  10   2.09961176E-01
  9  10   1.68910474E-01
 10  10   1.14139184E-01
 11  10   9.36608091E-02
 12  10   8.05110559E-02
  1  11   1.37931377E-01
  2  11   1.49828240E-01
  3  11   1.60023212E-01
  4  11   1.76313460E-01
  5  11   1.73729956E-01
  6  11   1.71719968E-01
  7  11   1.79391667E-01
  8  11   1.77091658E-01
  9  11   1.52678266E-01
 10  11   1.19023666E-01
 11  11   9.31336135E-02
 12  11   7.23971575E-02
  1  12   1.15824014E-01
  2  12   1.16648309E-01
  3  12   1.30488649E-01
  4  12   1.43047586E-01
  5  12   1.30787969E-01
  6  12   1.29920706E-01
  7  12   1.45489052E-01
  8  12   1.44043192E-01
  9  12   1.27871931E-01
 10  12   1.13519192E-01
 11  12   9.54549834E-02
 12  12   7.05896765E-02

Group 2
  i   j  Cell-Averaged Scalar Flux
  1   1   1.47114359E-02
  2   1   2.11925022E-02
  3   1   3.28014642E-02
  4   1   4.77501824E-02
  5   1   5.50776049E-02
  6   1   5.75436056E-02
  7   1   5.58751747E-02
  8   1   4.93718460E-02
  9   1   3.58426832E-02
 10   1   2.39693727E-02
 11   1   1.85952242E-02
 12   1   1.27498154E-02
  1   2   2.02951469E-02
  2   2   3.20390984E-02
  3   2   5.06810993E-02
  4   2   7.27594793E-02
  5   2   8.48241821E-02
  6   2   8.84439349E-02
  7   2   8.50852653E-02
  8   2   7.60557875E-02
  9   2   5.41463271E-02
 10   2   3.56201157E-02
 11   2   2.89598778E-02
 12   2   1.90027840E-02
  1   3   3.30132246E-02
  2   3   5.00834100E-02
  3   3   8.54105055E-02
  4   3   1.28290907E-01
  5   3   1.48880899E-01
  6   3   1.55288875E-01
  7   3   1.50510505E-01
  8   3   1.30651981E-01
  9   3   9.23276097E-02
 10   3   6.32866547E-02
 11   3   4.89100926E-02
 12   3   3.03425733E-02
  1   4   5.08008301E-02
  2   4   7.61323497E-02
  3   4   1.23678751E-01
  4   4   1.78317055E-01
  5   4   2.00971201E-01
  6   4   2.10961074E-01
  7   4   2.12263003E-01
  8   4   1.94311365E-01
  9   4   1.42400712E-01
 10   4   9.59316194E-02
 11   4   7.27255270E-02
 12   4   4.50036377E-02
  1   5   5.99841252E-02
  2   5   9.13027823E-02
  3   5   1.36999041E-01
  4   5   1.74595878E-01
  5   5   1.87532514E-01
  6   5   1.98905304E-01
  7   5   2.12571561E-01
  8   5   2.19951630E-01
  9   5   1.69098184E-01
 10   5   1.10905647E-01
 11   5   8.47028568E-02
 12   5   5.25672436E-02
  1   6   6.32625669E-02
  2   6   9.52734724E-02
  3   6   1.37253851E-01
  4   6   1.65428191E-01
  5   6   1.67765200E-01
  6   6   1.79457262E-01
  7   6   2.03665972E-01
  8   6   2.23239869E-01
  9   6   1.77746832E-01
 10   6   1.16872534E-01
 11   6   8.83789659E-02
 12   6   5.45367673E-02
  1   7   6.19931817E-02
  2   7   9.33763087E-02
  3   7   1.33589372E-01
  4   7   1.60089493E-01
  5   7   1.61755472E-01
  6   7   1.72598794E-01
  7   7   1.96714759E-01
  8   7   2.17040762E-01
  9   7   1.73305258E-01
 10   7   1.13971636E-01
 11   7   8.61323923E-02
 12   7   5.31167388E-02
  1   8   5.51081933E-02
  2   8   8.39011073E-02
  3   8   1.24724120E-01
  4   8   1.56842560E-01
  5   8   1.66761279E-01
  6   8   1.76510185E-01
  7   8   1.89683333E-01
  8   8   1.98581100E-01
  9   8   1.53915629E-01
 10   8   1.01090379E-01
 11   8   7.71896541E-02
 12   8   4.78404723E-02
  1   9   4.06032726E-02
  2   9   6.08468726E-02
  3   9   9.73943397E-02
  4   9   1.37731403E-01
  5   9   1.53065056E-01
  6   9   1.60478890E-01
  7   9   1.62484437E-01
  8   9   1.50214821E-01
  9   9   1.11484900E-01
 10   9   7.58315101E-02
 11   9   5.74919507E-02
 12   9   3.55110206E-02
  1  10   2.80531906E-02
  2  10   4.18322757E-02
  3  10   7.16800317E-02
  4  10   1.07402310E-01
  5  10   1.23512983E-01
  6  10   1.28157198E-01
  7  10   1.24780342E-01
  8  10   1.07383206E-01
  9  10   7.61133358E-02
 10  10   5.42944185E-02
 11  10   4.15758230E-02
 12  10   2.51924247E-02
  1  11   2.21248902E-02
  2  11   3.40721570E-02
  3  11   5.62559739E-02
  4  11   8.27049986E-02
  5  11   9.57790762E-02
  6  11   9.93223563E-02
  7  11   9.59861577E-02
  8  11   8.38172287E-02
  9  11   5.90705164E-02
 10  11   4.08313163E-02
 11  11   3.28117386E-02
 12  11   2.05728188E-02
  1  12   1.50814438E-02
  2  12   2.23121140E-02
  3  12   3.54198068E-02
  4  12   5.18564880E-02
  5  12   6.01203777E-02
  6  12   6.24478869E-02
  7  12   6.01572171E-02
  8  12   5.27541041E-02
  9  12   3.74455564E-02
 10  12   2.50568446E-02
 11  12   2.01733653E-02
 12  12   1.38440114E-02

k-effective =     0.209847

Run Time (s):    0.0060
