12 12
0.47498 0.34544 1.87452 1.87452 1.87452 1.87452 
1.87452 1.87452 1.87452 0.34544 0.47625 0.47625
0.47498 0.34544 1.87452 1.87452 1.87452 1.87452 
1.87452 1.87452 1.87452 0.34544 0.47625 0.47625
1
0.57735 0.57735 0.25
2
2
0.2531 0.008983  0.005925 0.01069
0.5732 0.05892   0.09817  0
0.2476 0.0001983 0        0.03682
1.123  0.007796  0        0
0 0 0 0
2 2 2 2 2 2 2 2 2 2 2 2
2 2 2 2 2 2 2 2 2 2 2 2
2 2 2 2 2 2 2 2 2 2 2 2
2 2 2 2 2 2 2 2 2 2 2 2
2 2 2 1 1 1 1 2 2 2 2 2
2 2 2 1 1 1 1 2 2 2 2 2
2 2 2 1 1 1 1 2 2 2 2 2
2 2 2 1 1 1 1 2 2 2 2 2
2 2 2 2 2 2 2 2 2 2 2 2
2 2 2 2 2 2 2 2 2 2 2 2
2 2 2 2 2 2 2 2 2 2 2 2
2 2 2 2 2 2 2 2 2 2 2 2
0.001 50
0.0001 100