12 12
0.47498 0.34544 1.87452 1.87452 1.87452 1.87452 
1.87452 1.87452 1.87452 0.34544 0.47625 0.47625
0.47498 0.34544 1.87452 1.87452 1.87452 1.87452 
1.87452 1.87452 1.87452 0.34544 0.47625 0.47625
10
0.2182178	0.2182178	0.02665018
0.5773501	0.2182178	0.02529317
0.7867955	0.2182178	0.02529317
0.9511893	0.2182178	0.02665018
0.2182178	0.5773501	0.02529317
0.5773501	0.5773501	0.01829034
0.7867955	0.5773501	0.02529317
0.2182178	0.7867955	0.02529317
0.5773501	0.7867955	0.02529317
0.2182178	0.9511893	0.02665018
2
1.0 0.5
2.0 0.1
0 0 0 0
1 1 1 1 1 1 1 1 1 1 1 1
1 1 1 1 1 1 1 1 1 1 1 1
1 1 1 1 1 1 1 1 1 1 1 1
1 1 1 2 2 2 2 1 1 1 1 1
1 1 1 2 2 2 2 1 1 1 1 1
1 1 1 2 2 2 2 1 1 1 1 1
1 1 1 2 2 2 2 1 1 1 1 1
1 1 1 1 1 1 1 1 1 1 1 1 
1 1 1 1 1 1 1 1 1 1 1 1
1 1 1 1 1 1 1 1 1 1 1 1
1 1 1 1 1 1 1 1 1 1 1 1
1 1 1 1 1 1 1 1 1 1 1 1
0.0 0.0 0.0 0.0 0.0 0.0 0.0 0.0 0.0 0.0 0.0 0.0
0.0 0.0 0.0 0.0 0.0 0.0 0.0 0.0 0.0 0.0 0.0 0.0
0.0 0.0 0.0 0.0 0.0 0.0 0.0 0.0 0.0 0.0 0.0 0.0
0.0 0.0 0.0 1.0 1.0 1.0 1.0 0.0 0.0 0.0 0.0 0.0
0.0 0.0 0.0 1.0 1.0 1.0 1.0 0.0 0.0 0.0 0.0 0.0
0.0 0.0 0.0 1.0 1.0 1.0 1.0 0.0 0.0 0.0 0.0 0.0
0.0 0.0 0.0 1.0 1.0 1.0 1.0 0.0 0.0 0.0 0.0 0.0
0.0 0.0 0.0 0.0 0.0 0.0 0.0 0.0 0.0 0.0 0.0 0.0
0.0 0.0 0.0 0.0 0.0 0.0 0.0 0.0 0.0 0.0 0.0 0.0
0.0 0.0 0.0 0.0 0.0 0.0 0.0 0.0 0.0 0.0 0.0 0.0
0.0 0.0 0.0 0.0 0.0 0.0 0.0 0.0 0.0 0.0 0.0 0.0
0.0 0.0 0.0 0.0 0.0 0.0 0.0 0.0 0.0 0.0 0.0 0.0
0.001 50