Transport Solver
Version 4.0
Kirill Polokhalo
Date:
20260819                        
Time:
114816.755                      
%%%%%%%%%%%%%%%%%%%%%%%%%%%%%%%%%%%%%%%%%%%%%%%%%%%%%%%%%%%%%%%%%
Input has been read, variables assigned, matrices created

Discrete Ordinates/Octant:
  n         mu        eta          w
  1    0.21822    0.21822    0.02665
  2    0.57735    0.21822    0.02529
  3    0.78680    0.21822    0.02529
  4    0.95119    0.21822    0.02665
  5    0.21822    0.57735    0.02529
  6    0.57735    0.57735    0.01829
  7    0.78680    0.57735    0.02529
  8    0.21822    0.78680    0.02529
  9    0.57735    0.78680    0.02529
 10    0.21822    0.95119    0.02665

Boundary Conditions:
  Left  Right  Bottom    Top
     0      0      0      0

Computational Cell Data:
  i   j Material         dx         dy     SigmaT     SigmaS     Source
  1   1        1    0.47498    0.47498    1.00000    0.50000    0.00000
  2   1        1    0.34544    0.47498    1.00000    0.50000    0.00000
  3   1        1    1.87452    0.47498    1.00000    0.50000    0.00000
  4   1        1    1.87452    0.47498    1.00000    0.50000    0.00000
  5   1        1    1.87452    0.47498    1.00000    0.50000    0.00000
  6   1        1    1.87452    0.47498    1.00000    0.50000    0.00000
  7   1        1    1.87452    0.47498    1.00000    0.50000    0.00000
  8   1        1    1.87452    0.47498    1.00000    0.50000    0.00000
  9   1        1    1.87452    0.47498    1.00000    0.50000    0.00000
 10   1        1    0.34544    0.47498    1.00000    0.50000    0.00000
 11   1        1    0.47625    0.47498    1.00000    0.50000    0.00000
 12   1        1    0.47625    0.47498    1.00000    0.50000    0.00000
  1   2        1    0.47498    0.34544    1.00000    0.50000    0.00000
  2   2        1    0.34544    0.34544    1.00000    0.50000    0.00000
  3   2        1    1.87452    0.34544    1.00000    0.50000    0.00000
  4   2        1    1.87452    0.34544    1.00000    0.50000    0.00000
  5   2        1    1.87452    0.34544    1.00000    0.50000    0.00000
  6   2        1    1.87452    0.34544    1.00000    0.50000    0.00000
  7   2        1    1.87452    0.34544    1.00000    0.50000    0.00000
  8   2        1    1.87452    0.34544    1.00000    0.50000    0.00000
  9   2        1    1.87452    0.34544    1.00000    0.50000    0.00000
 10   2        1    0.34544    0.34544    1.00000    0.50000    0.00000
 11   2        1    0.47625    0.34544    1.00000    0.50000    0.00000
 12   2        1    0.47625    0.34544    1.00000    0.50000    0.00000
  1   3        1    0.47498    1.87452    1.00000    0.50000    0.00000
  2   3        1    0.34544    1.87452    1.00000    0.50000    0.00000
  3   3        1    1.87452    1.87452    1.00000    0.50000    0.00000
  4   3        1    1.87452    1.87452    1.00000    0.50000    0.00000
  5   3        1    1.87452    1.87452    1.00000    0.50000    0.00000
  6   3        1    1.87452    1.87452    1.00000    0.50000    0.00000
  7   3        1    1.87452    1.87452    1.00000    0.50000    0.00000
  8   3        1    1.87452    1.87452    1.00000    0.50000    0.00000
  9   3        1    1.87452    1.87452    1.00000    0.50000    0.00000
 10   3        1    0.34544    1.87452    1.00000    0.50000    0.00000
 11   3        1    0.47625    1.87452    1.00000    0.50000    0.00000
 12   3        1    0.47625    1.87452    1.00000    0.50000    0.00000
  1   4        1    0.47498    1.87452    1.00000    0.50000    0.00000
  2   4        1    0.34544    1.87452    1.00000    0.50000    0.00000
  3   4        1    1.87452    1.87452    1.00000    0.50000    0.00000
  4   4        2    1.87452    1.87452    2.00000    0.10000    1.00000
  5   4        2    1.87452    1.87452    2.00000    0.10000    1.00000
  6   4        2    1.87452    1.87452    2.00000    0.10000    1.00000
  7   4        2    1.87452    1.87452    2.00000    0.10000    1.00000
  8   4        1    1.87452    1.87452    1.00000    0.50000    0.00000
  9   4        1    1.87452    1.87452    1.00000    0.50000    0.00000
 10   4        1    0.34544    1.87452    1.00000    0.50000    0.00000
 11   4        1    0.47625    1.87452    1.00000    0.50000    0.00000
 12   4        1    0.47625    1.87452    1.00000    0.50000    0.00000
  1   5        1    0.47498    1.87452    1.00000    0.50000    0.00000
  2   5        1    0.34544    1.87452    1.00000    0.50000    0.00000
  3   5        1    1.87452    1.87452    1.00000    0.50000    0.00000
  4   5        2    1.87452    1.87452    2.00000    0.10000    1.00000
  5   5        2    1.87452    1.87452    2.00000    0.10000    1.00000
  6   5        2    1.87452    1.87452    2.00000    0.10000    1.00000
  7   5        2    1.87452    1.87452    2.00000    0.10000    1.00000
  8   5        1    1.87452    1.87452    1.00000    0.50000    0.00000
  9   5        1    1.87452    1.87452    1.00000    0.50000    0.00000
 10   5        1    0.34544    1.87452    1.00000    0.50000    0.00000
 11   5        1    0.47625    1.87452    1.00000    0.50000    0.00000
 12   5        1    0.47625    1.87452    1.00000    0.50000    0.00000
  1   6        1    0.47498    1.87452    1.00000    0.50000    0.00000
  2   6        1    0.34544    1.87452    1.00000    0.50000    0.00000
  3   6        1    1.87452    1.87452    1.00000    0.50000    0.00000
  4   6        2    1.87452    1.87452    2.00000    0.10000    1.00000
  5   6        2    1.87452    1.87452    2.00000    0.10000    1.00000
  6   6        2    1.87452    1.87452    2.00000    0.10000    1.00000
  7   6        2    1.87452    1.87452    2.00000    0.10000    1.00000
  8   6        1    1.87452    1.87452    1.00000    0.50000    0.00000
  9   6        1    1.87452    1.87452    1.00000    0.50000    0.00000
 10   6        1    0.34544    1.87452    1.00000    0.50000    0.00000
 11   6        1    0.47625    1.87452    1.00000    0.50000    0.00000
 12   6        1    0.47625    1.87452    1.00000    0.50000    0.00000
  1   7        1    0.47498    1.87452    1.00000    0.50000    0.00000
  2   7        1    0.34544    1.87452    1.00000    0.50000    0.00000
  3   7        1    1.87452    1.87452    1.00000    0.50000    0.00000
  4   7        2    1.87452    1.87452    2.00000    0.10000    1.00000
  5   7        2    1.87452    1.87452    2.00000    0.10000    1.00000
  6   7        2    1.87452    1.87452    2.00000    0.10000    1.00000
  7   7        2    1.87452    1.87452    2.00000    0.10000    1.00000
  8   7        1    1.87452    1.87452    1.00000    0.50000    0.00000
  9   7        1    1.87452    1.87452    1.00000    0.50000    0.00000
 10   7        1    0.34544    1.87452    1.00000    0.50000    0.00000
 11   7        1    0.47625    1.87452    1.00000    0.50000    0.00000
 12   7        1    0.47625    1.87452    1.00000    0.50000    0.00000
  1   8        1    0.47498    1.87452    1.00000    0.50000    0.00000
  2   8        1    0.34544    1.87452    1.00000    0.50000    0.00000
  3   8        1    1.87452    1.87452    1.00000    0.50000    0.00000
  4   8        1    1.87452    1.87452    1.00000    0.50000    0.00000
  5   8        1    1.87452    1.87452    1.00000    0.50000    0.00000
  6   8        1    1.87452    1.87452    1.00000    0.50000    0.00000
  7   8        1    1.87452    1.87452    1.00000    0.50000    0.00000
  8   8        1    1.87452    1.87452    1.00000    0.50000    0.00000
  9   8        1    1.87452    1.87452    1.00000    0.50000    0.00000
 10   8        1    0.34544    1.87452    1.00000    0.50000    0.00000
 11   8        1    0.47625    1.87452    1.00000    0.50000    0.00000
 12   8        1    0.47625    1.87452    1.00000    0.50000    0.00000
  1   9        1    0.47498    1.87452    1.00000    0.50000    0.00000
  2   9        1    0.34544    1.87452    1.00000    0.50000    0.00000
  3   9        1    1.87452    1.87452    1.00000    0.50000    0.00000
  4   9        1    1.87452    1.87452    1.00000    0.50000    0.00000
  5   9        1    1.87452    1.87452    1.00000    0.50000    0.00000
  6   9        1    1.87452    1.87452    1.00000    0.50000    0.00000
  7   9        1    1.87452    1.87452    1.00000    0.50000    0.00000
  8   9        1    1.87452    1.87452    1.00000    0.50000    0.00000
  9   9        1    1.87452    1.87452    1.00000    0.50000    0.00000
 10   9        1    0.34544    1.87452    1.00000    0.50000    0.00000
 11   9        1    0.47625    1.87452    1.00000    0.50000    0.00000
 12   9        1    0.47625    1.87452    1.00000    0.50000    0.00000
  1  10        1    0.47498    0.34544    1.00000    0.50000    0.00000
  2  10        1    0.34544    0.34544    1.00000    0.50000    0.00000
  3  10        1    1.87452    0.34544    1.00000    0.50000    0.00000
  4  10        1    1.87452    0.34544    1.00000    0.50000    0.00000
  5  10        1    1.87452    0.34544    1.00000    0.50000    0.00000
  6  10        1    1.87452    0.34544    1.00000    0.50000    0.00000
  7  10        1    1.87452    0.34544    1.00000    0.50000    0.00000
  8  10        1    1.87452    0.34544    1.00000    0.50000    0.00000
  9  10        1    1.87452    0.34544    1.00000    0.50000    0.00000
 10  10        1    0.34544    0.34544    1.00000    0.50000    0.00000
 11  10        1    0.47625    0.34544    1.00000    0.50000    0.00000
 12  10        1    0.47625    0.34544    1.00000    0.50000    0.00000
  1  11        1    0.47498    0.47625    1.00000    0.50000    0.00000
  2  11        1    0.34544    0.47625    1.00000    0.50000    0.00000
  3  11        1    1.87452    0.47625    1.00000    0.50000    0.00000
  4  11        1    1.87452    0.47625    1.00000    0.50000    0.00000
  5  11        1    1.87452    0.47625    1.00000    0.50000    0.00000
  6  11        1    1.87452    0.47625    1.00000    0.50000    0.00000
  7  11        1    1.87452    0.47625    1.00000    0.50000    0.00000
  8  11        1    1.87452    0.47625    1.00000    0.50000    0.00000
  9  11        1    1.87452    0.47625    1.00000    0.50000    0.00000
 10  11        1    0.34544    0.47625    1.00000    0.50000    0.00000
 11  11        1    0.47625    0.47625    1.00000    0.50000    0.00000
 12  11        1    0.47625    0.47625    1.00000    0.50000    0.00000
  1  12        1    0.47498    0.47625    1.00000    0.50000    0.00000
  2  12        1    0.34544    0.47625    1.00000    0.50000    0.00000
  3  12        1    1.87452    0.47625    1.00000    0.50000    0.00000
  4  12        1    1.87452    0.47625    1.00000    0.50000    0.00000
  5  12        1    1.87452    0.47625    1.00000    0.50000    0.00000
  6  12        1    1.87452    0.47625    1.00000    0.50000    0.00000
  7  12        1    1.87452    0.47625    1.00000    0.50000    0.00000
  8  12        1    1.87452    0.47625    1.00000    0.50000    0.00000
  9  12        1    1.87452    0.47625    1.00000    0.50000    0.00000
 10  12        1    0.34544    0.47625    1.00000    0.50000    0.00000
 11  12        1    0.47625    0.47625    1.00000    0.50000    0.00000
 12  12        1    0.47625    0.47625    1.00000    0.50000    0.00000

will solve D.O. here

Inner iterations converged successfully.
Iterations consumed:    21
Convergence criterion achieved:  8.21590E-04

Discrete Ordinates Method Solution
  i   j  Cell-Averaged Scalar Flux
  1   1   1.15011050E-03
  2   1   3.36543820E-03
  3   1   1.17893075E-03
  4   1  -5.65781584E-03
  5   1  -4.88890475E-03
  6   1  -4.88811871E-03
  7   1  -5.66021958E-03
  8   1   1.19657046E-03
  9   1   1.68446545E-03
 10   1  -8.33973754E-04
 11   1   2.00813476E-04
 12   1  -5.48099808E-04
  1   2   3.36543634E-03
  2   2   6.56752195E-03
  3   2   6.93422044E-04
  4   2  -2.58133505E-02
  5   2  -2.04813834E-02
  6   2  -2.04793587E-02
  7   2  -2.58183833E-02
  8   2   7.16099865E-04
  9   2   3.60227586E-03
 10   2  -7.82763236E-04
 11   2  -6.62923849E-05
 12   2  -4.47583792E-04
  1   3   1.17892982E-03
  2   3   6.93420996E-04
  3   3   3.29905711E-02
  4   3   9.32090878E-02
  5   3   1.17489882E-01
  6   3   1.17490813E-01
  7   3   9.32057872E-02
  8   3   3.30004469E-02
  9   3   8.53613892E-04
 10   3   1.04987400E-03
 11   3   2.91937002E-04
 12   3  -7.55077917E-06
  1   4  -5.65781258E-03
  2   4  -2.58133449E-02
  3   4   9.32090953E-02
  4   4   4.50908959E-01
  5   4   4.95899349E-01
  6   4   4.95897830E-01
  7   4   4.50910628E-01
  8   4   9.31911021E-02
  9   4  -9.97642521E-03
 10   4   1.30704949E-02
 11   4   2.26046611E-03
 12   4   8.01341608E-04
  1   5  -4.88890382E-03
  2   5  -2.04813760E-02
  3   5   1.17489897E-01
  4   5   4.95899409E-01
  5   5   5.48258126E-01
  6   5   5.48258245E-01
  7   5   4.95899498E-01
  8   5   1.17458880E-01
  9   5  -8.06373544E-03
 10   5   1.00897243E-02
 11   5   2.04610475E-03
 12   5   6.33805685E-05
  1   6  -4.88811592E-03
  2   6  -2.04793513E-02
  3   6   1.17490806E-01
  4   6   4.95897770E-01
  5   6   5.48258245E-01
  6   6   5.48258483E-01
  7   6   4.95897800E-01
  8   6   1.17459677E-01
  9   6  -8.06348585E-03
 10   6   1.00880442E-02
 11   6   2.04460742E-03
 12   6   6.20810970E-05
  1   7  -5.66021632E-03
  2   7  -2.58183759E-02
  3   7   9.32057872E-02
  4   7   4.50910598E-01
  5   7   4.95899439E-01
  6   7   4.95897830E-01
  7   7   4.50912356E-01
  8   7   9.31885168E-02
  9   7  -9.97870602E-03
 10   7   1.30712353E-02
 11   7   2.26156902E-03
 12   7   8.02505179E-04
  1   8   1.19656976E-03
  2   8   7.16097071E-04
  3   8   3.30004431E-02
  4   8   9.31911021E-02
  5   8   1.17458887E-01
  6   8   1.17459677E-01
  7   8   9.31885019E-02
  8   8   3.30148153E-02
  9   8   8.81805259E-04
 10   8   1.07115495E-03
 11   8   3.06576811E-04
 12   8   1.69518535E-06
  1   9   1.68446579E-03
  2   9   3.60227842E-03
  3   9   8.53614416E-04
  4   9  -9.97642428E-03
  5   9  -8.06373451E-03
  6   9  -8.06348585E-03
  7   9  -9.97870881E-03
  8   9   8.81804328E-04
  9   9   2.01997906E-03
 10   9  -3.87569016E-04
 11   9   2.22970484E-04
 12   9  -2.32549457E-04
  1  10  -8.33974511E-04
  2  10  -7.82763294E-04
  3  10   1.04987214E-03
  4  10   1.30704949E-02
  5  10   1.00897271E-02
  6  10   1.00880489E-02
  7  10   1.30712381E-02
  8  10   1.07115693E-03
  9  10  -3.87570559E-04
 10  10   9.60794569E-05
 11  10   5.85072557E-04
 12  10   3.77744946E-05
  1  11   2.00813476E-04
  2  11  -6.62918392E-05
  3  11   2.91935954E-04
  4  11   2.26046680E-03
  5  11   2.04610615E-03
  6  11   2.04460905E-03
  7  11   2.26156879E-03
  8  11   3.06577393E-04
  9  11   2.22970993E-04
 10  11   5.85069996E-04
 11  11   4.67504200E-04
 12  11   4.94782929E-04
  1  12  -5.48099284E-04
  2  12  -4.47585277E-04
  3  12  -7.55122983E-06
  4  12   8.01342016E-04
  5  12   6.33804448E-05
  6  12   6.20812716E-05
  7  12   8.02505703E-04
  8  12   1.69479620E-06
  9  12  -2.32549399E-04
 10  12   3.77748693E-05
 11  12   4.94782755E-04
 12  12   9.96986870E-04

Run Time (s):    0.0030
