10 10
0.1 0.1 0.1 0.1 0.1 
0.1 0.1 0.1 0.1 0.1
0.2 0.2 0.2 0.2 0.2 
0.2 0.2 0.2 0.2 0.2
1
0.57735 0.57735 0.25
2
1.0 0.5
2.0 0.1
0 0 0 0
1 1 1 1 1 1 1 1 1 1 
1 1 1 1 1 1 1 1 1 1
1 1 1 1 1 1 1 1 1 1
1 1 1 2 2 2 2 1 1 1
1 1 1 2 2 2 2 1 1 1
1 1 1 2 2 2 2 1 1 1
1 1 1 2 2 2 2 1 1 1
1 1 1 1 1 1 1 1 1 1 
1 1 1 1 1 1 1 1 1 1
1 1 1 1 1 1 1 1 1 1
0.0 0.0 0.0 0.0 0.0 0.0 0.0 0.0 0.0 0.0
0.0 0.0 0.0 0.0 0.0 0.0 0.0 0.0 0.0 0.0
0.0 0.0 0.0 0.0 0.0 0.0 0.0 0.0 0.0 0.0
0.0 0.0 0.0 1.0 1.0 1.0 1.0 0.0 0.0 0.0
0.0 0.0 0.0 1.0 1.0 1.0 1.0 0.0 0.0 0.0
0.0 0.0 0.0 1.0 1.0 1.0 1.0 0.0 0.0 0.0
0.0 0.0 0.0 1.0 1.0 1.0 1.0 0.0 0.0 0.0
0.0 0.0 0.0 0.0 0.0 0.0 0.0 0.0 0.0 0.0
0.0 0.0 0.0 0.0 0.0 0.0 0.0 0.0 0.0 0.0
0.0 0.0 0.0 0.0 0.0 0.0 0.0 0.0 0.0 0.0
0.001 50